0 0.711627 0.796448 0.168972 0.178147
0 0.690382 0.600904 0.094862 0.137786
0 0.7674570000000001 0.507655 0.104743 0.179539
0 0.6597500000000001 0.397705 0.134387 0.112734
0 0.557971 0.658662 0.128458 0.169796
0 0.40925599999999995 0.641961 0.125494 0.141961
0 0.5456190000000001 0.505567 0.12747 0.141961
0 0.543149 0.345513 0.146245 0.158662
0 0.495718 0.162495 0.094862 0.14892
0 0.37714099999999995 0.52366 0.158103 0.183714
0 0.389987 0.34273 0.150198 0.144744
0 0.33267500000000005 0.202856 0.171937 0.143353
0 0.23435399999999995 0.33925 0.161067 0.187889
0 0.11923600000000001 0.289146 0.175889 0.173972
