0 0.288373 0.796448 0.168972 0.178147
0 0.309618 0.600904 0.094862 0.137786
0 0.232543 0.507655 0.104743 0.179539
0 0.34025 0.397705 0.134387 0.112734
0 0.442029 0.658662 0.128458 0.169796
0 0.590744 0.641961 0.125494 0.141961
0 0.454381 0.505567 0.12747 0.141961
0 0.456851 0.345513 0.146245 0.158662
0 0.504282 0.162495 0.094862 0.14892
0 0.622859 0.52366 0.158103 0.183714
0 0.610013 0.34273 0.150198 0.144744
0 0.667325 0.202856 0.171937 0.143353
0 0.765646 0.33925 0.161067 0.187889
0 0.880764 0.289146 0.175889 0.173972
