2 0.248761 0.867308 0.2911 0.201282
2 0.16197799999999996 0.428205 0.215933 0.161538
2 0.496811 0.538462 0.1148 0.1
2 0.5890610000000001 0.582692 0.083367 0.111538
2 0.931411 0.527564 0.082 0.101282
2 0.23714400000000002 0.178846 0.125733 0.108974
2 0.789278 0.185256 0.1804 0.165385
2 0.578811 0.895513 0.0656 0.108974
2 0.683361 0.840385 0.083367 0.080769
2 0.744861 0.938462 0.1025 0.097436
2 0.907494 0.788462 0.146233 0.210256
2 0.6437280000000001 0.769872 0.367633 0.188462
2 0.6963440000000001 0.917949 0.4182 0.130769
