0 0.7669630000000001 0.530513 0.123518 0.148583
0 0.6597500000000001 0.437648 0.136364 0.132663
0 0.49473 0.214774 0.100791 0.164503
0 0.34848500000000004 0.251256 0.108696 0.176442
0 0.10836599999999996 0.332844 0.167984 0.135317
0 0.241271 0.376623 0.168972 0.191035
0 0.451746 0.406472 0.220356 0.163176
0 0.529315 0.564342 0.106719 0.091538
0 0.666173 0.62802 0.163043 0.187055
0 0.6898880000000001 0.830332 0.184783 0.159196
0 0.530797 0.667156 0.155138 0.151236
0 0.40777300000000005 0.636643 0.171937 0.111437
0 0.368742 0.51791 0.194664 0.195015
