0 0.337615 0.640776 0.071146 0.197087
0 0.464098 0.647815 0.079051 0.109102
0 0.5935440000000001 0.691808 0.088933 0.112621
0 0.683465 0.412015 0.051383 0.144296
0 0.591568 0.167416 0.061265 0.175971
0 0.48385999999999996 0.293235 0.063241 0.149575
0 0.404809 0.250122 0.077075 0.137257
0 0.34354399999999996 0.447209 0.063241 0.158373
0 0.42506600000000005 0.398817 0.070158 0.128458
0 0.418149 0.544872 0.070158 0.093264
0 0.544631 0.556311 0.048419 0.116141
0 0.528327 0.406736 0.061265 0.147815
0 0.60886 0.484163 0.078063 0.221723
